45 3 2 0 1 1699 0
31 1 2 3 1 909 0
70 3 1 0 1 1223 0
29 1 1 0 1 599 0
38 3 2 0 1 599 1
58 2 1 0 0 1369 1
52 3 1 0 1 2435 0
48 2 1 0 1 1553 0
44 1 2 0 0 2891 0
61 2 1 1 1 1986 0
37 1 3 0 0 1769 0
62 2 1 0 1 3053 0
65 3 3 0 1 313 0
51 2 3 0 1 5387 0
55 2 3 0 0 1807 0
67 2 2 0 1 2817 0
27 2 2 1 1 1487 0
44 1 3 1 1 2594 0
56 2 3 1 1 340 1
59 3 3 0 1 914 1
35 2 1 0 1 1365 0
58 3 2 0 1 4164 0
50 3 2 0 1 3053 0
30 2 1 0 0 4986 0
26 3 1 0 0 2245 0
67 2 3 0 0 3556 0
31 9 1 0 0 2004 0
40 2 1 0 1 374 1
58 3 3 4 0 824 1
57 3 3 0 0 957 1
36 3 3 1 1 400 1
44 3 3 3 1 183 1
57 3 2 0 0 778 1
42 3 2 0 1 140 1
35 3 3 0 1 762 1
59 9 1 0 1 2364 0
64 3 2 0 1 4097 0
52 9 3 0 0 3802 0
47 2 2 0 1 2213 0
49 2 3 0 1 2648 0
30 1 3 0 1 3265 0
59 3 3 3 1 301 1
52 3 1 0 1 2647 1 
65 9 1 0 1 1254 0
44 3 2 0 1 2746 0
50 3 2 0 0 61 1
57 3 3 1 1 729 1
64 2 3 1 0 1156 1
38 2 1 0 1 3540 0
55 9 2 1 1 1203 1
47 1 3 0 1 3806 0
48 2 3 0 1 3492 0
30 1 3 4 0 1517 0
48 2 1 0 1 3030 0
42 1 1 0 1 2987 0
34 3 1 0 1 3032 0
56 3 3 0 1 866 0
58 2 3 0 0 2047 0
46 2 2 0 1 3344 0
50 2 2 0 0 123 1
51 3 3 0 1 3995 0
64 3 1 0 0 2217 0
29 2 1 0 1 2155 0
31 1 1 0 0 1530 0
52 1 2 0 1 3652 0
53 3 1 0 1 1261 0
58 3 2 1 1 685 1
37 1 1 1 1 2983 0
71 1 2 0 1 1122 0
51 3 3 0 1 937 0
61 9 1 0 1 935 0
72 2 2 0 1 1265 0
56 3 3 1 1 120 1
62 1 1 0 1 1093 0
51 1 1 0 1 1251 0
51 2 2 0 1 845 0
51 2 3 3 1 684 0
67 1 1 0 1 980 0
62 9 3 4 0 477 1
41 9 3 0 1 1629 1
57 3 3 3 1 1608 0
50 3 2 0 1 1097 0
51 3 3 4 0 259 1
35 1 3 4 1 2095 0
37 3 1 4 1 181 1
45 3 1 3 0 1131 0
73 3 3 4 1 649 1
73 3 3 4 0 32 1
53 3 3 4 1 1273 1
61 3 3 4 0 161 1
73 3 3 4 1 395 1
51 9 1 4 0 472 1
32 2 3 1 1 3629 0
24 9 1 0 1 1625 0
57 9 1 0 0 2648 0
53 1 1 0 1 4598 0
70 3 3 3 1 420 0
74 2 3 1 0 151 1
65 2 1 4 1 1525 0
53 3 3 1 1 596 1
58 2 3 4 0 165 1
26 2 3 1 1 225 1
65 3 2 0 1 3125 0
57 2 1 3 0 119 1
20 9 3 4 1 4014 0
23 1 3 4 0 19 1
44 3 3 3 0 467 1
68 3 1 0 1 830 0
44 3 3 3 1 250 1
67 2 3 4 1 227 1
71 3 3 4 0 124 1
56 3 3 4 0 397 1
55 3 1 4 1 358 1
61 2 3 4 0 415 1